%YAML:1.0
Mint: !!opencv-matrix
   rows: 3
   cols: 3
   dt: d
   data: [ 711.22282, 0.00017, 338.81767, 0., 713.18927, 249.03222, 0., 0., 1. ]
Mext: !!opencv-matrix
   rows: 3
   cols: 4
   dt: d
   data: [ 0.003277, 0.999757, 0.021786, -82.3031, 0.525349, 0.016817, -0.850721, 92.3126, -0.850880, 0.014233, -0.525166,1033.047]
distCoeffs: !!opencv-matrix
   rows: 5
   cols: 1
   dt: d
   data: [ -0.28839, 0.50162,-0.00198, 0.00043,-1.09463]