%YAML:1.0
Mint: !!opencv-matrix
   rows: 3
   cols: 3
   dt: d
   data: [ 713.6458, 0.3297, 337.9575, 0., 715.2637, 255.7441, 0., 0., 1. ]
Mext: !!opencv-matrix
   rows: 3
   cols: 4
   dt: d
   data: [ -0.0063, -0.5876, 0.8091, -79.4657, 1.0000, 0.0026, 0.0096, 167.0076, -0.0077, 0.8092, 0.5875,694.3669]
distCoeffs: !!opencv-matrix
   rows: 5
   cols: 1
   dt: d
   data: [ -0.2629, 0.1607,  -0.0022, 3.8581e-04,-0.0101]