%YAML:1.0
Mint: !!opencv-matrix
   rows: 3
   cols: 3
   dt: d
   data: [ 721.4126, 0., 340.5633, 0., 722.8521, 253.4298, 0., 0., 1. ]
Mext: !!opencv-matrix
   rows: 3
   cols: 4
   dt: d
   data: [ 0.9997, 0.0174, 0.0164, -75.6356, 0.0047, 0.5312, -0.8472, 95.9365, -0.0235, 0.8471, 0.5310,1009.7192]
distCoeffs: !!opencv-matrix
   rows: 5
   cols: 1
   dt: d
   data: [ -0.2555, 0.0081,  -0.0032, 4.6678e-04,0.5949]