%YAML:1.0
Mint: !!opencv-matrix
   rows: 3
   cols: 3
   dt: d
   data: [ 713.6458, 0.3297, 337.9575, 0., 715.2637, 255.7441, 0., 0., 1. ]
Mext: !!opencv-matrix
   rows: 3
   cols: 4
   dt: d
   data: [ 0.9997, 0.0174, 0.0164, -75.6356, 0.0047, 0.5312, -0.8472, 95.9365, -0.0235, 0.8471, 0.5310,1009.7192]
distCoeffs: !!opencv-matrix
   rows: 5
   cols: 1
   dt: d
   data: [ -0.2629, 0.1607,  -0.0022, 3.8581e-04,-0.0101]